Selected Nodes
[1204 4149 3932    7 4032 3182 4590 2505 2834 1085 4112  420 3704 2846
 3368 3553 2463 1332  211  900]
Rewards
[3.55281600e+08 3.60389600e+08 3.80496960e+08 3.80646960e+08
 3.80946810e+08 3.81426810e+08 3.81576810e+08 3.82334431e+08
 3.87541349e+08 3.92678341e+08 3.92832341e+08 3.93316764e+08
 3.93628764e+08 3.93782764e+08 4.18429547e+08 4.18588390e+08
 4.18822312e+08 4.18978312e+08 4.19469234e+08 4.19627155e+08
 4.20094921e+08]
Reward Fees
[   0. 4000. 8192. 4000. 3999. 6000. 4000. 3999. 4999. 4000. 4000. 5999.
 4000. 4000. 8192. 2999. 4999. 4000. 5999. 3999. 3999.]

Selected Nodes
[3508  442 2918 4059 4528 4245 3542    5 1871 3730 1539 3515   80 4419
 1014 2005 3194  319 3625 4565]
Rewards
[3.55281600e+08 3.55429600e+08 3.55577600e+08 3.56055600e+08
 3.63247802e+08 3.63886529e+08 3.64229287e+08 3.64687060e+08
 3.69896464e+08 3.70125386e+08 3.70277387e+08 3.71021411e+08
 3.91132630e+08 3.91974069e+08 3.92277993e+08 5.61026420e+08
 5.61102497e+08 5.68414437e+08 5.68491439e+08 5.68725212e+08
 5.68881801e+08]
Reward Fees
[   0. 4000. 4000. 6000.  998. 2499. 5999. 3999. 4999. 4999. 4000. 3099.
 8192. 2510. 5999. 2997. 3998. 3997. 3997. 2999. 3999.]

Selected Nodes
[3192 2590 1780 4319 1209  553  963 3603  804  823  284 1307 1865  403
 2677 2646 3429 1170 2924 1136]
Rewards
[3.55281600e+08 6.93491523e+08 6.93712264e+08 6.94040338e+08
 6.94040412e+08 6.94040695e+08 7.23094508e+08 7.23094583e+08
 7.42660408e+08 7.52185595e+08 7.52185709e+08 7.61879321e+08
 7.81988207e+08 7.82322284e+08 7.91849514e+08 7.91928435e+08
 7.91928513e+08 7.91928591e+08 8.11992122e+08 8.11992161e+08
 8.32095046e+08]
Reward Fees
[   0. 3997. 5998. 5998. 3998. 3998. 8192. 3998. 8192. 3998. 3998. 5998.
 8192. 5998. 3998. 2999. 3998. 3998. 8192. 3998. 8192.]
