Selected Nodes
[ 328 1401  663 2546 1515 2795 3787 4406    7 3357 1866 3146  265 3287
  312 2702 1806 2718 3667 1105]
Rewards
[6.42938595e+08 6.42941555e+08 6.43091405e+08 6.48092735e+08
 6.48245589e+08 6.48511362e+08 6.48514174e+08 6.48517570e+08
 6.48519268e+08 6.48522873e+08 6.48524571e+08 6.48536593e+08
 6.48687442e+08 6.48689140e+08 6.49072437e+08 6.49364718e+08
 6.49368533e+08 6.49373628e+08 6.49384528e+08 6.49535882e+08
 6.49946593e+08]
Reward Fees
[   0. 1030. 2009. 1019. 2020. 2038. 1038. 1010. 1010. 1009. 1010. 1009.
 2009. 1010. 2019. 2019. 1010. 1019. 1009. 2009. 2020.]

Selected Nodes
[2885 3013 1012 4192  549 1432  847 1381 3919 2272 1449 1004 2432 3852
 2027  122  315 2516   28 3742]
Rewards
[6.42938595e+08 6.78350587e+08 6.78356507e+08 6.83324968e+08
 6.83334736e+08 6.83337548e+08 6.83364408e+08 6.83515598e+08
 6.83517078e+08 6.83519890e+08 6.83672078e+08 6.83821928e+08
 6.83823408e+08 6.83824888e+08 6.88599376e+08 6.88752605e+08
 6.89136076e+08 6.89150372e+08 6.89187423e+08 6.89423875e+08
 6.89426581e+08]
Reward Fees
[   0. 8192. 1030. 1019. 1051. 1038. 1019. 2039. 1029. 1038. 2020. 2009.
 1029. 1029.   89. 2020. 2029. 1090. 1119. 2019. 1010.]
